--VEGETAL--
247, 248, 246, 244, 243, 242, 242, 241, 243, 239, 241, 243, 244, 243, 244, 245, 243, 243, 245, 245, 246, 248, 248, 249, 250, 251, 253, 254, 255, 255, 255, 255, 255, 255, 255, 255, 255, 255, 255, 255, 255, 255, 255, 255, 255, 255, 255, 255, 255, 255, 255, 255, 255, 255, 255, 255, 255, 255, 255, 255, 255, 255, 255, 255, 255, 255, 255, 255, 255, 255, 255, 255, 255, 255, 255, 255, 255, 255, 255, 255, 255, 255, 255, 255, 255, 255, 255, 255, 255, 255, 255, 255, 255, 255, 255, 255, 255, 255, 255, 255, 255, 255, 255, 255, 255, 255, 255, 255, 255, 255, 255, 255, 255, 255, 255, 255, 255, 255, 255, 255, 255, 255, 255, 255, 255, 255, 255, 255, 255, 255, 255, 255, 255, 255, 255, 255, 255, 255, 255, 255, 255, 255, 255, 255, 255, 255, 255, 255, 255, 255, 255, 255, 255, 255, 255, 255, 255, 255, 255, 255, 255, 255, 255, 255, 255, 255, 255, 255, 255, 255, 255, 255, 255, 255, 255, 255, 255, 255, 255, 255, 255, 255, 255, 255, 255, 255, 255, 255, 255, 255, 255, 255, 255, 255, 255, 255, 255, 255, 255, 255, 
--FIRE--
63, 255, 127, 255, 255, 255, 255, 255, 127, 255, 255, 255, 127, 255, 255, 127, 255, 127, 255, 255, 255, 255, 255, 255, 255, 255, 127, 255, 0, 0, 0, 0, 0, 0, 0, 0, 0, 0, 0, 0, 0, 0, 0, 0, 0, 0, 0, 0, 0, 0, 0, 0, 0, 0, 0, 0, 0, 0, 0, 0, 0, 0, 0, 0, 0, 0, 0, 0, 0, 0, 0, 0, 0, 0, 0, 0, 0, 0, 0, 0, 0, 0, 0, 0, 0, 0, 0, 0, 0, 0, 0, 0, 0, 0, 0, 0, 0, 0, 0, 0, 0, 0, 0, 0, 0, 0, 0, 0, 0, 0, 0, 0, 0, 0, 0, 0, 0, 0, 0, 0, 0, 0, 0, 0, 0, 0, 0, 0, 0, 0, 0, 0, 0, 0, 0, 0, 0, 0, 0, 0, 0, 0, 0, 0, 0, 0, 0, 0, 0, 0, 0, 0, 0, 0, 0, 0, 0, 0, 0, 0, 0, 0, 0, 0, 0, 0, 0, 0, 0, 0, 0, 0, 0, 0, 0, 0, 0, 0, 0, 0, 0, 0, 0, 0, 0, 0, 0, 0, 0, 0, 0, 0, 0, 0, 0, 0, 0, 0, 0, 0, 
--VEGETAL--
215, 216, 214, 212, 211, 210, 210, 209, 211, 207, 209, 211, 212, 211, 212, 213, 211, 211, 213, 213, 214, 216, 216, 217, 218, 219, 221, 222, 224, 225, 226, 228, 229, 230, 234, 235, 234, 234, 236, 235, 237, 238, 239, 240, 241, 242, 247, 247, 249, 250, 251, 254, 255, 255, 255, 255, 255, 255, 255, 255, 255, 255, 255, 255, 255, 255, 255, 255, 255, 255, 255, 255, 255, 255, 255, 255, 255, 255, 255, 255, 255, 255, 255, 255, 255, 255, 255, 255, 255, 255, 255, 255, 255, 255, 255, 255, 255, 255, 255, 255, 255, 255, 255, 255, 255, 255, 255, 255, 255, 255, 255, 255, 255, 255, 255, 255, 255, 255, 255, 255, 255, 255, 255, 255, 255, 255, 255, 255, 255, 255, 255, 255, 255, 255, 255, 255, 255, 255, 255, 255, 255, 255, 255, 255, 255, 255, 255, 255, 255, 255, 255, 255, 255, 255, 255, 255, 255, 255, 255, 255, 255, 255, 255, 255, 255, 255, 255, 255, 255, 255, 255, 255, 255, 255, 255, 255, 255, 255, 255, 255, 255, 255, 255, 255, 255, 255, 255, 255, 255, 255, 255, 255, 255, 255, 255, 255, 255, 255, 255, 255, 
--FIRE--
255, 255, 255, 255, 127, 255, 255, 255, 255, 255, 255, 127, 255, 255, 255, 255, 255, 63, 255, 127, 255, 127, 255, 255, 127, 255, 255, 255, 255, 255, 255, 255, 255, 255, 255, 127, 255, 127, 127, 255, 255, 255, 127, 255, 255, 255, 255, 127, 255, 255, 127, 255, 0, 0, 0, 0, 0, 0, 0, 0, 0, 0, 0, 0, 0, 0, 0, 0, 0, 0, 0, 0, 0, 0, 0, 0, 0, 0, 0, 0, 0, 0, 0, 0, 0, 0, 0, 0, 0, 0, 0, 0, 0, 0, 0, 0, 0, 0, 0, 0, 0, 0, 0, 0, 0, 0, 0, 0, 0, 0, 0, 0, 0, 0, 0, 0, 0, 0, 0, 0, 0, 0, 0, 0, 0, 0, 0, 0, 0, 0, 0, 0, 0, 0, 0, 0, 0, 0, 0, 0, 0, 0, 0, 0, 0, 0, 0, 0, 0, 0, 0, 0, 0, 0, 0, 0, 0, 0, 0, 0, 0, 0, 0, 0, 0, 0, 0, 0, 0, 0, 0, 0, 0, 0, 0, 0, 0, 0, 0, 0, 0, 0, 0, 0, 0, 0, 0, 0, 0, 0, 0, 0, 0, 0, 0, 0, 0, 0, 0, 0, 
--VEGETAL--
183, 184, 182, 180, 179, 178, 178, 177, 179, 175, 177, 179, 166, 179, 180, 181, 179, 179, 181, 181, 182, 184, 184, 185, 186, 187, 189, 190, 192, 193, 194, 196, 197, 198, 202, 203, 202, 202, 204, 203, 205, 206, 207, 208, 209, 210, 215, 215, 217, 218, 219, 222, 223, 224, 225, 228, 230, 229, 230, 232, 235, 219, 220, 235, 236, 225, 226, 242, 243, 244, 245, 247, 249, 252, 253, 254, 255, 255, 255, 255, 255, 255, 255, 255, 255, 255, 255, 255, 255, 255, 255, 255, 255, 255, 255, 255, 255, 255, 255, 255, 255, 255, 255, 255, 255, 255, 255, 255, 255, 255, 255, 255, 255, 255, 255, 255, 255, 255, 255, 255, 255, 255, 255, 255, 255, 255, 255, 255, 255, 255, 255, 255, 255, 255, 255, 255, 255, 255, 255, 255, 255, 255, 255, 255, 255, 255, 255, 255, 255, 255, 255, 255, 255, 255, 255, 255, 255, 255, 255, 255, 255, 255, 255, 255, 255, 255, 255, 255, 255, 255, 255, 255, 255, 255, 255, 255, 255, 255, 255, 255, 255, 255, 255, 255, 255, 255, 255, 255, 255, 255, 255, 255, 255, 255, 255, 255, 255, 255, 255, 255, 
--FIRE--
255, 255, 63, 127, 255, 255, 63, 255, 127, 127, 255, 255, 63, 255, 255, 127, 127, 255, 255, 255, 63, 255, 127, 255, 255, 127, 255, 127, 127, 255, 255, 255, 127, 255, 255, 255, 255, 255, 255, 255, 255, 127, 255, 255, 255, 255, 255, 255, 255, 63, 255, 255, 255, 127, 255, 127, 255, 127, 127, 255, 127, 255, 255, 255, 127, 255, 63, 255, 255, 255, 255, 255, 255, 255, 255, 255, 0, 0, 0, 0, 0, 0, 0, 0, 0, 0, 0, 0, 0, 0, 0, 0, 0, 0, 0, 0, 0, 0, 0, 0, 0, 0, 0, 0, 0, 0, 0, 0, 0, 0, 0, 0, 0, 0, 0, 0, 0, 0, 0, 0, 0, 0, 0, 0, 0, 0, 0, 0, 0, 0, 0, 0, 0, 0, 0, 0, 0, 0, 0, 0, 0, 0, 0, 0, 0, 0, 0, 0, 0, 0, 0, 0, 0, 0, 0, 0, 0, 0, 0, 0, 0, 0, 0, 0, 0, 0, 0, 0, 0, 0, 0, 0, 0, 0, 0, 0, 0, 0, 0, 0, 0, 0, 0, 0, 0, 0, 0, 0, 0, 0, 0, 0, 0, 0, 0, 0, 0, 0, 0, 0, 
--VEGETAL--
151, 152, 150, 148, 147, 146, 146, 145, 147, 143, 145, 147, 102, 147, 148, 149, 147, 147, 149, 149, 150, 152, 152, 153, 154, 155, 157, 158, 160, 161, 162, 164, 165, 166, 170, 171, 170, 170, 172, 171, 173, 174, 175, 176, 177, 178, 183, 183, 185, 186, 187, 190, 191, 192, 193, 196, 198, 197, 198, 200, 203, 155, 156, 203, 204, 161, 162, 210, 211, 212, 213, 215, 217, 220, 221, 222, 224, 225, 226, 229, 232, 233, 234, 236, 237, 239, 240, 241, 242, 246, 246, 249, 250, 253, 254, 255, 255, 255, 255, 255, 255, 255, 255, 255, 255, 255, 255, 255, 255, 255, 255, 255, 255, 255, 255, 255, 255, 255, 255, 255, 255, 255, 255, 255, 255, 255, 255, 255, 255, 255, 255, 255, 255, 255, 255, 255, 255, 255, 255, 255, 255, 255, 255, 255, 255, 255, 255, 255, 255, 255, 255, 255, 255, 255, 255, 255, 255, 255, 255, 255, 255, 255, 255, 255, 255, 255, 255, 255, 255, 255, 255, 255, 255, 255, 255, 255, 255, 255, 255, 255, 255, 255, 255, 255, 255, 255, 255, 255, 255, 255, 255, 255, 255, 255, 255, 255, 255, 255, 255, 255, 
--FIRE--
255, 127, 127, 255, 255, 255, 255, 255, 127, 255, 127, 255, 63, 255, 255, 127, 255, 255, 255, 255, 127, 255, 127, 255, 255, 255, 255, 63, 255, 255, 127, 255, 127, 255, 255, 255, 255, 255, 255, 255, 255, 127, 255, 255, 127, 255, 127, 127, 255, 255, 255, 255, 63, 127, 255, 127, 255, 255, 127, 255, 255, 255, 255, 255, 127, 63, 63, 255, 127, 255, 255, 255, 255, 255, 255, 127, 127, 255, 255, 255, 255, 255, 63, 255, 255, 255, 127, 255, 255, 255, 255, 255, 255, 255, 255, 0, 0, 0, 0, 0, 0, 0, 0, 0, 0, 0, 0, 0, 0, 0, 0, 0, 0, 0, 0, 0, 0, 0, 0, 0, 0, 0, 0, 0, 0, 0, 0, 0, 0, 0, 0, 0, 0, 0, 0, 0, 0, 0, 0, 0, 0, 0, 0, 0, 0, 0, 0, 0, 0, 0, 0, 0, 0, 0, 0, 0, 0, 0, 0, 0, 0, 0, 0, 0, 0, 0, 0, 0, 0, 0, 0, 0, 0, 0, 0, 0, 0, 0, 0, 0, 0, 0, 0, 0, 0, 0, 0, 0, 0, 0, 0, 0, 0, 0, 0, 0, 0, 0, 0, 0, 
